114.678467 77.005692 -64.785889
0.000000 0.000000 0.000000
1.000000 1.000000 1.000000
143.190979 77.037224 -70.643112
0.000000 0.000000 0.000000
1.000000 1.000000 1.000000
173.209030 73.555359 -96.685608
0.000000 0.000000 0.000000
1.000000 1.000000 1.000000
118.849007 78.899277 -83.489166
0.000000 0.000000 0.000000
1.000000 1.000000 1.000000
149.734161 78.002205 -96.740715
0.000000 0.000000 0.000000
1.000000 1.000000 1.000000
172.500427 71.948296 -130.655701
0.000000 0.000000 0.000000
1.000000 1.000000 1.000000
148.647217 75.039513 -148.965790
0.000000 0.000000 0.000000
1.000000 1.000000 1.000000
104.868805 75.312141 -140.009705
0.000000 0.000000 0.000000
1.000000 1.000000 1.000000
107.522202 75.161850 -110.630615
0.000000 0.000000 0.000000
1.000000 1.000000 1.000000
125.382813 75.722298 -139.266174
0.000000 0.000000 0.000000
1.000000 1.000000 1.000000
181.292664 70.520485 -70.135361
0.000000 0.000000 0.000000
1.000000 1.000000 1.000000
214.541367 64.016075 -112.320099
0.000000 0.000000 0.000000
1.000000 1.000000 1.000000
197.816376 64.759743 -185.611008
0.000000 0.000000 0.000000
1.000000 1.000000 1.000000
211.377289 64.666550 -152.540710
0.000000 0.000000 0.000000
1.000000 1.000000 1.000000
136.799133 75.292946 -181.108398
0.000000 0.000000 0.000000
1.000000 1.000000 1.000000
