143.190979 77.037224 -70.643112
0.000000 0.000000 0.000000
1.000000 1.000000 1.000000
173.209030 73.555359 -96.685608
0.000000 0.000000 0.000000
1.000000 1.000000 1.000000
118.849007 78.899277 -83.489166
0.000000 0.000000 0.000000
1.000000 1.000000 1.000000
149.734161 78.002205 -96.740715
0.000000 0.000000 0.000000
1.000000 1.000000 1.000000
148.647217 75.039513 -148.965790
0.000000 0.000000 0.000000
1.000000 1.000000 1.000000
104.868805 75.312141 -140.009705
0.000000 0.000000 0.000000
1.000000 1.000000 1.000000
104.596809 76.161682 -114.308228
0.000000 0.000000 0.000000
1.000000 1.000000 1.000000
125.382813 75.722298 -139.266174
0.000000 0.000000 0.000000
1.000000 1.000000 1.000000
180.979614 71.243919 -132.035614
0.000000 0.000000 0.000000
1.000000 1.000000 1.000000
167.651489 72.312363 -148.854645
0.000000 0.000000 0.000000
1.000000 1.000000 1.000000
309.439667 46.809036 -195.955994
0.000000 0.000000 0.000000
1.000000 1.000000 1.000000
346.473969 36.663044 -204.088257
0.000000 0.000000 0.000000
1.000000 1.000000 1.000000
291.642853 49.877590 -169.090240
0.000000 0.000000 0.000000
1.000000 1.000000 1.000000
229.668228 61.490902 -136.049332
0.000000 0.000000 0.000000
1.000000 1.000000 1.000000
