33.292412 79.289162 -155.206329
0.000000 0.000000 0.000000
5.000000 5.000000 5.000000
7.140306 80.995346 -139.136444
0.000000 0.000000 0.000000
5.000000 5.000000 5.000000
50.630093 82.087845 -83.352859
0.000000 0.000000 0.000000
5.000000 5.000000 5.000000
29.228550 82.976860 -61.455349
0.000000 0.000000 0.000000
5.000000 5.000000 5.000000
-4.558097 82.407051 -61.834572
0.000000 0.000000 0.000000
5.000000 5.000000 5.000000
-18.278740 85.356468 -97.462349
0.000000 0.000000 0.000000
5.000000 5.000000 5.000000
-29.675745 84.070633 -127.717865
0.000000 0.000000 0.000000
5.000000 5.000000 5.000000
-4.399399 84.192894 -107.053032
0.000000 0.000000 0.000000
5.000000 5.000000 5.000000
-22.381187 81.806084 -155.805710
0.000000 0.000000 0.000000
5.000000 5.000000 5.000000
5.082181 79.252838 -166.229767
0.000000 0.000000 0.000000
5.000000 5.000000 5.000000
